|-
| '''MD_M15''' || 39 28 22.34252 || 112 59 38.15107 || 1588.966 || -7332.869 ||	19543.324 || 184.697 || OPUS
|-
| '''MD_M16''' || 39 28 22.42596 || 112 59 38.10981 || 1589.076 || -7331.880 ||	19545.897 || 184.801 || OPUS
|-
| '''MD_M17''' || 39 28 22.55579 || 112 59 37.95824 || 1588.963 || -7328.252 || 19549.898 || 184.679 || OPUS
|-
| '''MD_M18''' || 39 28 22.62392 || 112 59 37.88303 || 1589.070 || -7326.452 || 19551.998 || 184.782 || OPUS
|-
| '''MD_M19''' || 39 28 22.71585 || 112 59 37.68863 || 1589.073 || -7321.802 || 19554.830 || 184.782 || OPUS
|-
| '''MD_M20''' || 39 28 22.73725 || 112 59 37.57605 || 1588.963 || -7319.110 || 19555.487 || 184.673 || OPUS
|-
| '''MD_M21''' || 39 28 22.78387 || 112 59 37.35886 || 1589.070 || -7313.916 || 19556.921 || 184.781 || OPUS
|-
| '''MD_M22''' || 39 28 22.77445 || 112 59 37.24361 || 1588.966 || -7311.161 || 19556.627 || 184.681 || OPUS
|-
| '''MD_M23''' || 39 28 22.76033 || 112 59 37.01780 || 1589.076 || -7305.763 || 19556.187 || 184.799 || OPUS
|-
| '''MD_M24''' || 39 28 22.72087 || 112 59 36.91404 || 1588.969 || -7303.283 || 19554.967 || 184.698 || OPUS
